image_width:  1280
image_height:  720
camera_name:  asus_webcam
reprojection_error:  0.388337
camera_matrix:
  rows:  3
  cols:  3
  data:  [973.5975,0.0000,645.7034,0.0000,973.5975,359.0652,0.0000,0.0000,1.0000]
distortion_model:  plum_bob
distortion_coefficients:
  rows:  1
  cols:  5
  data:  [0.0317,-0.1843,-0.0029,-0.0015,0.2867]
